# Energy[keV] FM1[cm2] FM2[cm2] FM3[cm2] 
# Fit_model[FM1] Fit_model[FM2] Fit_model[FM3]
# Fit models are for infinite source distance with
#   a correction factor included to match the model to the data
# [Effective areas as measured at SLTF at 104m finite source distance to X-ray node]
 0.10    -NaN    -NaN    -NaN    4.33    4.20    3.75  
 0.25    -NaN    -NaN    -NaN    4.03    3.91    3.49  
 0.40    1.57    1.82    1.35    3.97    3.85    3.44  
 0.56    1.92    1.70    1.23    3.95    3.83    3.42  
 0.71    1.50    1.78    1.16    3.95    3.83    3.42  
 0.87    1.61    1.67    1.29    3.94    3.83    3.42  
 1.02    1.24    1.70    1.20    3.95    3.83    3.42  
 1.17    1.58    1.70    1.57    3.96    3.84    3.42  
 1.33    1.59    1.74    1.52    3.95    3.83    3.42  
 1.48    1.32    1.03    1.03    3.94    3.83    3.42  
 1.63    2.07    1.75    0.91    3.93    3.81    3.40  
 1.79    1.87    1.92    2.01    3.90    3.78    3.37  
 1.94    2.27    2.31    2.73    3.80    3.68    3.29  
 2.10    2.20    2.46    2.20    2.61    2.53    2.26  
 2.25    2.40    2.96    3.10    3.01    2.92    2.61  
 2.40    2.60    3.05    4.32    3.14    3.05    2.72  
 2.56    3.08    2.74    2.23    3.03    2.93    2.62  
 2.71    2.63    3.03    2.72    3.17    3.08    2.75  
 2.86    3.66    3.08    2.95    3.22    3.12    2.79  
 3.02    2.48    2.70    2.62    3.22    3.13    2.79  
 3.17    3.13    2.76    2.84    3.20    3.11    2.77  
 3.33    2.93    2.92    2.48    3.27    3.17    2.83  
 3.48    2.90    3.45    2.18    3.29    3.20    2.85  
 3.63    3.27    2.86    2.80    3.32    3.22    2.87  
 3.79    2.86    3.30    2.74    3.34    3.24    2.89  
 3.94    2.92    3.22    3.00    3.36    3.26    2.91  
 4.09    3.08    2.92    2.62    3.38    3.28    2.92  
 4.25    3.13    3.20    2.55    3.39    3.29    2.94  
 4.40    2.76    3.04    2.41    3.41    3.31    2.95  
 4.55    3.48    2.88    3.05    3.42    3.32    2.96  
 4.71    3.30    3.38    2.88    3.44    3.33    2.98  
 4.86    3.03    3.11    2.52    3.45    3.35    2.99  
 5.02    3.58    3.18    3.21    3.46    3.36    3.00  
 5.17    3.24    3.20    2.86    3.47    3.37    3.01  
 5.32    3.24    3.05    2.71    3.48    3.38    3.01  
 5.48    3.26    3.11    2.69    3.49    3.39    3.02  
 5.63    3.33    3.10    2.85    3.50    3.40    3.03  
 5.78    3.24    3.23    2.76    3.51    3.40    3.04  
 5.94    3.25    3.07    2.79    3.52    3.41    3.05  
 6.09    3.33    2.97    2.84    3.53    3.42    3.05  
 6.25    3.23    2.23    2.75    3.53    3.43    3.06  
 6.40    2.98    3.40    2.62    3.54    3.43    3.06  
 6.55    3.30    4.21    2.79    3.55    3.44    3.07  
 6.71    3.29    3.08    2.90    3.55    3.45    3.08  
 6.86    3.31    2.77    2.85    3.56    3.45    3.08  
 7.01    3.24    3.10    2.84    3.56    3.46    3.09  
 7.17    3.30    4.04    2.82    3.57    3.46    3.09  
 7.32    3.17    3.07    2.78    3.57    3.47    3.09  
 7.48    3.01    2.89    2.68    3.58    3.47    3.10  
 7.63    3.27    3.15    2.86    3.58    3.47    3.10  
 7.78    3.30    3.15    2.80    3.59    3.48    3.10  
 7.94    3.34    3.15    2.85    3.59    3.48    3.11  
 8.09    3.35    3.20    2.88    3.59    3.48    3.11  
 8.24    3.23    2.92    2.80    3.60    3.49    3.11  
 8.40    3.39    3.40    2.99    3.60    3.49    3.11  
 8.55    3.37    3.26    2.89    3.60    3.49    3.12  
 8.70    3.34    3.20    2.93    3.60    3.49    3.12  
 8.86    3.35    3.16    2.88    3.60    3.49    3.12  
 9.01    3.30    3.23    2.79    3.60    3.50    3.12  
 9.17    3.40    3.23    2.89    3.60    3.50    3.12  
 9.32    3.35    3.17    2.88    3.60    3.50    3.12  
 9.47    3.28    3.08    2.84    3.60    3.50    3.12  
 9.63    3.32    3.30    2.88    3.60    3.49    3.12  
 9.78    3.33    3.17    2.87    3.60    3.49    3.12  
 9.93    3.31    3.26    2.90    3.60    3.49    3.12  
10.09    3.32    3.22    2.78    3.60    3.49    3.11  
10.24    3.27    3.22    2.82    3.59    3.49    3.11  
10.40    3.32    3.23    2.86    3.59    3.48    3.11  
10.55    3.28    3.18    2.87    3.58    3.48    3.10  
10.70    3.30    3.13    2.82    3.57    3.47    3.09  
10.86    3.34    3.20    2.86    3.56    3.45    3.08  
11.01    3.16    3.13    2.65    3.54    3.43    3.06  
11.16    2.57    2.45    2.18    3.31    3.21    2.87  
11.32    2.33    2.23    1.90    2.47    2.40    2.14  
11.47    2.34    2.24    1.99    2.55    2.48    2.21  
11.63    2.41    2.29    1.94    2.58    2.51    2.24  
11.78    2.38    2.26    1.96    2.60    2.52    2.25  
11.93    2.37    2.31    1.98    2.61    2.54    2.26  
12.09    2.38    2.31    2.02    2.62    2.54    2.27  
12.24    2.37    2.30    1.97    2.62    2.54    2.27  
12.39    2.36    2.19    1.93    2.62    2.54    2.27  
12.55    2.30    2.22    1.89    2.61    2.53    2.26  
12.70    2.11    2.04    1.71    2.54    2.47    2.20  
12.85    1.91    1.85    1.54    1.83    1.77    1.58  
13.01    1.91    1.79    1.48    2.10    2.03    1.81  
13.16    1.86    1.77    1.52    2.13    2.07    1.84  
13.32    1.74    1.70    1.39    2.08    2.02    1.80  
13.47    1.71    1.61    1.34    1.93    1.87    1.67  
13.62    1.73    1.64    1.31    1.96    1.90    1.70  
13.78    1.73    1.57    1.35    1.97    1.91    1.71  
13.93    1.72    1.63    1.37    1.97    1.91    1.70  
14.08    1.74    1.59    1.34    1.97    1.91    1.71  
14.24    1.72    1.56    1.26    1.96    1.91    1.70  
14.39    1.70    1.62    1.30    1.96    1.90    1.70  
14.55    1.67    1.60    1.25    1.95    1.89    1.69  
14.70    1.69    1.54    1.26    1.94    1.89    1.68  
14.85    1.69    1.54    1.24    1.94    1.88    1.68  
15.01    1.65    1.47    1.20    1.91    1.86    1.66  
15.16    1.60    1.50    1.19    1.90    1.85    1.65  
15.31    1.61    1.46    1.17    1.89    1.83    1.63  
15.47    1.60    1.45    1.17    1.87    1.81    1.62  
15.62    1.53    1.37    1.17    1.85    1.79    1.60  
15.78    1.52    1.42    1.08    1.83    1.77    1.58  
15.93    1.48    1.35    1.07    1.81    1.75    1.56  
16.08    1.45    1.33    1.07    1.79    1.73    1.55  
16.24    1.41    1.34    0.97    1.75    1.70    1.52  
16.39    1.41    1.25    1.02    1.73    1.68    1.50  
16.54    1.34    1.23    0.91    1.69    1.64    1.46  
16.70    1.33    1.24    0.93    1.66    1.61    1.44  
16.85    1.27    1.20    0.91    1.63    1.59    1.42  
17.01    1.24    1.11    0.81    1.59    1.54    1.37  
17.16    1.22    1.01    0.74    1.55    1.51    1.34  
17.31    1.15    1.06    0.73    1.52    1.47    1.31  
17.47    1.11    0.99    0.65    1.47    1.43    1.28  
17.62    1.03    0.92    0.63    1.43    1.39    1.24  
17.77    0.98    0.84    0.58    1.38    1.34    1.19  
17.93    0.90    0.79    0.56    1.32    1.28    1.14  
18.08    0.88    0.74    0.49    1.27    1.23    1.10  
18.23    0.81    0.72    0.43    1.20    1.17    1.04  
18.39    0.81    0.65    0.43    1.15    1.12    1.00  
18.54    0.71    0.62    0.38    1.10    1.07    0.95  
18.70    0.64    0.59    0.34    1.04    1.01    0.90  
18.85    0.62    0.49    0.30    0.99    0.96    0.86  
19.00    0.57    0.48    0.28    0.92    0.89    0.79  
19.16    0.53    0.39    0.24    0.87    0.85    0.76  
19.31    0.46    0.35    0.23    0.82    0.79    0.71  
19.46    0.41    0.35    0.20    0.77    0.75    0.67  
19.62    0.39    0.31    0.17    0.71    0.69    0.61  
